2.53333
3.11667
3.46667
3.51667
3.56667
4.28333
4.36667
5.68333
6.76667
8.4
9.76667
11.55
15.0833
19.0667
23.1833
33.9833
34.0167
34.3167
34.6333
34.6833
35.2333
35.2667
35.3
40.05
44.3
46.6167
47.4333
48.7833
49.3833
54.2
56.9833
58.0333
62.2833
62.35
62.4
62.4333
62.4667
64.15
64.1833
64.2167
64.2667
64.4
64.5667
64.6
64.6333
66.1333
66.1667
66.2
66.2333
66.2667
66.3
67.8667
67.9
67.9333
67.9667
69.5
69.5333
69.5667
69.6
69.6333
69.6667
69.7
69.7333
69.7667
71.45
73.25
73.3333
76.1333
77.85
77.8833
77.9167
78.05
78.2667
78.3
79.35
79.3833
80.1833
80.5333
80.65
80.6833
80.7167
80.75
80.7833
80.8167
80.85
80.8833
80.9167
81.5
83.55
83.7
83.7667
83.8333
83.9
83.9667
84.0333
84.1
84.1667
84.2667
84.3333
84.4
84.55
84.75
84.8833
85.05
91.25
91.7
92.3833
93.3333
